120
60
999991099999999999999999999999999910999999999999990099999999991199999999999999999999999999999999999999999999999900009999
999991099999999999999999999999999910999999999999990099999999991199999999999999999999999999999999999999999999999900009999
999991099999999999999999999999999910999999999999990099999999991199999999999999999999999999999999999999999999999900009999
999991099999999999999999999999999910999999999999990099999999991199999999999999999999999999999999999999999999999900009999
999991099999999999999999999999999910999999999999990099999999991199999999999999999999999999999999999999999999999900009999
999991099999999999999999999999999910999999999999990099999999991199999999999999999999999999999999999999999999999900009999
999991099999999999999999999999999910999999999999990099999999991199999999999999999999999999999999999999999999999900009999
999991099999999999999999999999999910999999999999990099999999991199999999999999999999999999999999999999999999999900009999
999991099999999999999999999999999910999999999999990099999999991199999999999999999999999999999999999999999999999900009999
999991099999912999999999999999999910999999999999990099999999991199999999999999999999999999999999999999999999999900009999
999991099999910999999999912999999910999999991422224422222222224499999999999999999999999999999999999999999999999900009999
999991099999910999999999910999999910999999994433334433333333334499999999999999999999999999999999999999999999999900009999
999991099999910999999999910999999910999999991099990099999999991199999999999999999999999999999999999999999999999900009999
999991099999910999999999910999999910999999991099990099999999991199999999999999999999999999999999999999999999999900009999
999991099999910999999999910999999910999999991099990099999999991199999999999999999999999999999999999999999999999900002222
999991099999910999999999910999999910999999991099990099999999991199999999999999999999999999999999999999999999999900043333
999991099999910999999999910999999910999999991099990099999999991199999999999999999999999999999999999999999999999900009999
999991099999910999999999910999999910999999991099990099999999991199999999999999999999999999999999999999999999999900009999
999991099999910999999999910999999910999999991099990099999999991199999999999999999999999999999999999999999999999900009999
222224422222244222222222244222222244244222224422224422222222224433333333333333333333333333333333333333333333333300009999
222224422222244222222222244222222244244222224422224422222222224433333333333333333333333333333333333333333333333300009999
333334433333344333333333344333333344344333334433334433333333334433333333333333333333333333333333333333333333333300009999
333334433333344333333333344333333344344333334433334433333333334433333333333333333333333333333333333333333333333300009999
999999999999999999999999999999999999910999999999999999999999991199999999999999999999999999999999999999999999999900002222
999999999999999999999999999999999999910999999999999999999999991199999999999999999999999999999999999999999999999900043333
999999999999999999999999999999999999910999999999999999999999991199999999999999999999999999999999999999999999999900009999
999999999999999999999999999999999999910999999999999999999999991199999999999999999999999999999999999999999999999900009999
999999999999999999999999999999999999910999999999999999999999991199999999999999999999999999999999999999999999999900009999
999999999999999999999999999999999999910999999999999999999999991199999999999999999999999999999999999999999999999900009999
999999999999999999999999999999999999910999999999999999999999991199999999999999999999999999999999999999999999999900009999
999999999999999999999999999999999999910999999999999999999999991199999999999999999999999999999999999999999999999900009999
999999999999999999999999999999999999910999999999999999999999991199999999999999999999999999999999999999999999999900009999
999999999999999999999999999999999999910999999999999999999999991199999999999999999999999999999999999999999999999900009999
999999999999999999999999999999999999910999999999999999999999991199999999999999999999999999999999999999999999999900009999
999999999999999999999999999999999999910999999999999999999999991199999999999999999999999999999999999999999999999900009999
999999999999999999999999999999999999910999999999999999999999991199999999999999999999999999999999999999999999999900009999
999999999999999999999999999999999999910999999999999999999999991199999999999999999999999999999999999999999999999900009999
999999999999999999999999999999999999910999999999999999999999991199999999999999999999999999999999999999999999999900002299
999999999999999999999999999999999999910999999999999999999999991199999999999999999999999999999999999999999999999900009099
222222244222222222222222222222222222244222222222222222222222224422222222222222222222222222222222222222222222222244442422
222222244222222222222222222222222222244222222222222222222222224422222222222222222222222222222222222222222222222244442222
222222244222222222222222222222222222244222222222222222222222224422222222222222222222222222222222222222222222222244442222
222222244222222222222222222222222222244224222222222222222222224422222222222222222222222222222222222222222222222244442222
999999901999999999999999999999999999999991999999999999999999994499999999999999999999999999999999999999999999999900009999
333333344333333333333333333333333333333334333333333333333333334433333333333333334433333333333333333333333333333344443333
333333344333333333333333333333333333333334333333333333333333334433333333333333334433333333333333333333333333333344443333
333333344333333333333333333333333333333334333333333333333333334433333333333333334433333333333333333333333333333344443333
333333344333333333333333333333333334433334333333333333333333334433333333334433334433333333333333333333333333333344443333
999999910999999999999999999999999991099991999099999999999999999999999999991099991199999999099999999999999999999911009999
999999910999999999999999999999999991099993333099999999999999999999999999991099991199999999099999999999999999999911009999
999999910999999999999999999999999991099999999999999999999999999999999999991099991194444149099999999999999999999911009999
999999910999999999999999999999999991099999999999999999999999999999999999991099994434444443099999999999999999999911009999
999999910999999999999999999999999991099999999999999999999999999999999999991099994433333333099999999999999999999911009999
999999910999999999999999999999999991099999999999999999999999999999999999991099944199999999099999999999999999999911009999
999999910999999999999999999999999991099999999999999999999999999999999999991449944199999999099999999999999999999911009999
999999910999999999999999999999999991099999999999999999999999999999999999991449944199999999099999999999999999999911009999
222222244222222222222222222222222224499999999999999999999999999999999999991449944199999999099999999999999999999911009999
333333334333333333333333333333333334099999999999999999999999999999999999991429944199999999099999999999999999999911009999
999999999999999999999999999999999999999999999999999999999999999999999999991449944199999999099999999999999999999911009999
999999999999999999999999999999999999999999999999999999999999999999999999991099993333333333099999999999999999999911009999
6
114
48
10
0
6
115
48
10
0
6
111
44
10
1
6
111
45
10
1
6
111
46
10
1
6
111
47
10
1
6
116
39
10
0
6
116
40
10
0
6
116
41
10
0
6
116
42
10
0
6
61
44
10
1
6
61
45
10
1
6
61
46
10
1
6
61
47
10
1
6
62
38
10
1
6
63
38
10
1
6
64
39
10
0
6
64
40
10
0
6
64
41
10
0
6
64
42
10
0
6
44
47
10
1
6
44
46
10
1
6
44
45
10
1
6
44
44
10
1
6
46
42
10
1
6
46
40
10
1
6
46
41
10
1
6
46
39
10
1
6
79
47
10
0
6
79
46
10
0
6
79
45
10
0
6
79
44
10
0
6
82
42
10
0
6
82
41
10
0
6
82
40
10
0
6
82
39
10
0
7
43
49
10
7
71
47
10
7
74
55
30
7
83
50
400
7
84
50
400
7
85
50
400
7
86
50
400
7
88
50
400
7
76
54
400
7
76
55
400
7
76
56
400
7
76
58
400
7
79
58
400
7
79
56
400
7
79
55
400
7
79
54
400
7
79
53
400
7
85
59
30
7
90
55
10
7
35
52
10
7
36
52
10
7
14
57
10
7
14
56
10
7
14
47
10
8
119
39
25
8
119
40
25
8
119
41
25
8
119
42
25
8
119
23
25
8
119
14
25
8
115
59
25
8
114
59
25
8
63
0
25
8
62
0
25
8
34
0
25
8
5
0
25
8
0
21
25
8
0
22
25
8
0
44
25
8
0
45
25
8
0
46
25
8
0
47
25
8
0
57
5
8
75
59
1
10
45
18
3
10
55
54
3
10
48
10
3
-1
